1.228400000000000460e+02
1.319524000000000115e+02
1.395968999999999482e+02
1.339236999999999682e+02
1.365665999999999940e+02
1.295083000000000197e+02
1.333794000000000040e+02
1.322993000000000166e+02
1.319357999999999720e+02
1.313401999999999816e+02
1.268759000000000015e+02
1.445200000000000387e+02
1.808755000000000166e+02
1.521890999999999963e+02
1.469121999999999844e+02
1.792931000000000950e+02
1.422128000000000156e+02
1.409971999999999923e+02
1.394740999999999929e+02
1.367273999999999887e+02
1.340003999999999849e+02
1.336195000000000448e+02
1.302313000000000045e+02
1.327242999999999711e+02
1.543014000000000294e+02
2.188031999999999755e+02
2.200082999999999913e+02
2.172692000000000689e+02
2.159680000000000177e+02
2.151991000000000156e+02
2.142700999999999851e+02
2.155339000000000169e+02
2.137067999999999870e+02
2.141427999999999940e+02
2.149262000000000512e+02
2.152960999999998819e+02
2.099491999999999905e+02
2.013835000000000264e+02
2.035309999999999775e+02
2.531956999999999312e+02
2.224226000000000170e+02
2.328040999999999485e+02
1.728795000000000073e+02
1.730728000000000293e+02
1.728653000000000191e+02
1.735344999999999800e+02
1.731245000000000402e+02
1.784590000000000032e+02
1.903908999999999878e+02
1.614481999999999857e+02
1.561040000000000134e+02
1.557771999999999935e+02
1.551279000000000394e+02
1.760353000000000065e+02
3.051238000000000170e+02
3.223837000000000899e+02
3.227947999999999524e+02
3.232391000000000076e+02
3.221201999999999543e+02
3.219507000000001540e+02
3.222055000000001428e+02
3.257148999999999432e+02
0.000000000000000000e+00
1.994427999999999770e+02
2.386078000000000259e+02
2.337160999999999262e+02
2.358894999999999698e+02
2.358382000000000289e+02
2.362332999999999856e+02
2.344664999999999964e+02
2.380003999999999849e+02
2.538984000000000094e+02
2.383211999999999762e+02
2.092715000000000600e+02
2.055316999999999723e+02
2.049119000000000597e+02
1.980500000000000114e+02
1.972709999999999866e+02
2.016628000000000327e+02
2.014698000000000206e+02
2.015269000000000403e+02
1.989552999999999940e+02
1.970104000000000326e+02
1.934364000000000487e+02
1.842394999999999925e+02
2.383543999999999699e+02
2.426823999999999444e+02
2.373462999999999852e+02
2.370238999999999976e+02
2.339657999999999447e+02
2.330060999999999751e+02
2.366219999999999573e+02
2.361252000000000351e+02
2.367715999999999212e+02
2.375827000000000169e+02
2.391514999999999702e+02
2.395451999999999657e+02
2.511200000000000330e+02
2.339986999999999568e+02
2.393491000000000213e+02
2.949600000000000932e+02
3.255434000000000196e+02
3.246579999999999018e+02
3.226286999999999239e+02
3.224721999999999298e+02
3.204099000000000501e+02
3.164549000000001229e+02
3.143319000000000187e+02
3.166405000000001451e+02
2.774017000000000053e+02
2.806220999999999890e+02
3.103336999999999648e+02
3.125188999999999737e+02
3.099893999999999323e+02
2.246244000000000085e+02
2.350481999999999516e+02
1.919037999999999613e+02
1.841875000000000000e+02
1.829668000000000063e+02
1.803356999999999459e+02
2.607375000000000682e+02
1.652222999999999615e+02
1.633474000000000501e+02
1.591356999999999573e+02
2.443599999999999568e+02
3.012221999999999298e+02
3.019034999999999513e+02
3.069055000000000177e+02
3.106572000000000457e+02
3.145453999999999724e+02
2.421200000000000045e+02
2.635032999999999674e+02
2.631166999999999803e+02
2.630970000000000937e+02
2.757996999999999161e+02
2.670262000000000171e+02
2.667053999999998837e+02
2.789565999999999235e+02
2.848346000000000799e+02
2.835661000000000058e+02
2.841698000000000093e+02
2.835946999999999889e+02
2.858163999999999874e+02
2.865034999999999741e+02
2.864320999999999344e+02
2.815436000000000831e+02
2.763513999999998987e+02
2.720065999999999349e+02
2.699229999999999450e+02
2.757615999999999872e+02
3.782671999999998320e+02
3.816990999999998735e+02
4.252815999999999690e+02
4.219799000000001570e+02
3.550772999999999229e+02
3.665178000000000793e+02
2.255402000000000271e+02
2.220399999999999920e+02
2.758786000000000627e+02
2.100515999999999792e+02
2.076545000000000414e+02
2.436090000000000373e+02
2.208357000000000596e+02
1.943680000000000234e+02
1.939797000000000082e+02
1.890581999999999709e+02
2.306271999999999593e+02
2.287595000000000596e+02
2.350267000000000053e+02
2.382528000000000077e+02
2.370807000000000642e+02
2.357874000000000478e+02
2.362236000000000047e+02
2.327866999999999393e+02
2.286633999999999673e+02
2.223274000000000115e+02
2.150487999999999715e+02
2.582608999999999924e+02
2.484559999999999889e+02
2.652631999999999266e+02
2.663632000000000062e+02
2.659570999999999685e+02
2.648695999999999344e+02
2.637867999999999711e+02
2.613855999999998971e+02
2.598644000000000460e+02
2.581450999999999567e+02
2.595946999999999889e+02
2.138395999999999901e+02
2.078265999999999565e+02
2.067969999999999686e+02
2.050724000000000160e+02
2.020294000000000096e+02
2.033413000000000750e+02
3.057269999999999186e+02
1.866085999999999956e+02
1.749299999999999500e+02
2.150299000000000547e+02
3.238354000000000497e+02
3.242097999999999729e+02
3.249763999999999555e+02
3.229543000000000461e+02
3.194851999999999634e+02
3.186175000000000637e+02
3.195069000000000301e+02
0.000000000000000000e+00
2.085254999999999939e+02
2.349215000000000373e+02
2.317120000000000459e+02
2.298161999999999523e+02
2.295204999999999984e+02
2.293271000000000015e+02
2.269442999999999984e+02
2.232745999999999356e+02
2.194395000000000095e+02
3.514300999999998680e+02
2.736577000000000339e+02
3.138747999999999934e+02
3.099909999999999854e+02
